0.590839822123 118.723458151
0.605756958619 122.908374808
0.621050713198 127.086215575
0.636730594467 131.251299942
0.652806351099 135.399787488
0.669287977896 139.52876152
0.686185722002 143.633770804
0.703510089273 147.711355895
0.721271850812 151.758863018
0.739482049662 155.773042027
0.758152007675 159.751721268
0.777293332548 163.693601976
0.796917925043 167.598113551
0.817037986385 171.466102327
0.837666025845 175.298430508
0.858814868523 179.096786007
0.880497663316 182.862257478
0.902727891098 186.594094271
0.925519373097 190.293562904
0.948886279493 193.967977987
0.972843138223 197.625776484
0.997404844017 201.265413368
1.02258666766 187.075461599
1.04840426547 190.726371875
1.07487368907 194.39594379
1.10201139533 198.078479689
1.1298342566 201.765987959
1.15835957123 205.464897421
1.18760507431 209.177874893
1.21758894867 212.891233974
1.24832983624 216.598356922
1.27984684959 220.298677774
1.31215958383 223.974185431
1.3452881288 227.611862371
1.37925308155 231.212547001
1.41407555917 234.738556119
1.44977721187 238.153903794
1.48638023649 241.442721427
1.52390739029 244.544062783
1.56238200506 247.389208255
1.60182800169 249.877133282
1.64226990497 251.772395898
1.68373285892 252.664638109
1.72624264235 253.432020013
1.76982568493 254.151861212
1.81450908359 254.830914274
1.8603206194 255.457230459
1.90728877485 256.027511313
1.95544275148 256.575690049
2.00481248816 257.06895828
2.05542867958 257.522571499
2.10732279542 257.938552458
2.16052709987 258.338669063
2.21507467173 258.68420948
2.27099942492 259.011991403
2.32833612962 259.306755405
2.38712043385 259.569127411
2.44738888565 259.808568186
2.50917895582 260.019586465
2.57252906117 260.204386158
2.63747858845 260.367637966
2.70406791882 260.513445875
2.77233845295 260.631129652
2.84233263677 260.723868593
2.91409398785 260.816635286
2.98766712248 260.873165253
