0.350800 2.208000 293.700000
0.367300 2.424000 322.300000
0.384600 2.648000 352.200000
0.402700 2.879000 382.900000
0.421700 3.114000 414.200000
0.441600 3.353000 445.900000
0.462400 3.594000 478.100000
0.484200 3.837000 510.400000
0.507000 4.078000 542.400000
0.530900 4.316000 574.000000
0.555900 4.550000 605.100000
0.582100 4.779000 877.100000
0.609500 5.000000 918.200000
0.638300 5.209000 957.400000
0.668300 5.404000 994.400000
0.699800 5.581000 1029.000000
0.732800 5.737000 1060.000000
0.767400 5.869000 1088.000000
0.803500 5.971000 1112.000000
0.841400 6.037000 1130.000000
0.881000 6.072000 1144.000000
0.922600 6.071000 1124.000000
0.966100 9.324000 1567.000000
1.012000 9.470000 1597.000000
1.059000 9.590000 1623.000000
1.109000 9.698000 1647.000000
1.161000 9.796000 1671.000000
1.216000 9.883000 1693.000000
1.274000 9.961000 1713.000000
1.334000 10.030000 1733.000000
1.396000 10.090000 1751.000000
1.462000 10.150000 1767.000000
1.531000 10.200000 1781.000000
1.603000 10.240000 1792.000000
1.679000 10.280000 1799.000000
1.758000 10.310000 1804.000000
1.841000 10.340000 1810.000000
1.928000 10.370000 1814.000000
2.018000 10.390000 1818.000000
2.113000 10.410000 1821.000000
2.213000 10.420000 1824.000000
2.317000 10.440000 1826.000000
2.427000 10.450000 1828.000000
2.541000 10.460000 1829.000000
2.661000 10.460000 1830.000000
2.786000 10.470000 1831.000000
2.917000 10.460000 1830.000000
3.055000 10.460000 1392.000000
3.199000 10.460000 1392.000000
3.350000 10.460000 1392.000000
3.508000 10.460000 1391.000000
3.673000 10.460000 1391.000000
3.846000 10.450000 1390.000000
4.027000 10.450000 1390.000000
4.217000 10.440000 1389.000000
4.416000 10.430000 1388.000000
4.624000 10.360000 1378.000000
4.842000 10.250000 1363.000000
5.070000 10.130000 1348.000000
5.309000 10.010000 1332.000000
5.559000 9.891000 1315.000000
5.821000 9.764000 1299.000000
6.095000 9.633000 1281.000000
6.383000 9.500000 1263.000000
6.683000 9.362000 1245.000000
6.998000 9.222000 1226.000000
7.328000 9.078000 1207.000000
7.674000 8.931000 1188.000000
8.035000 8.780000 1168.000000
8.414000 8.617000 1146.000000
8.810000 8.461000 1125.000000
9.226000 8.299000 1104.000000
9.661000 8.138000 1082.000000
10.120000 7.970000 1060.000000
10.590000 7.801000 1038.000000
11.090000 7.617000 1013.000000
11.610000 7.446000 990.300000
12.160000 7.267000 966.500000
12.740000 7.084000 942.200000
13.340000 6.890000 916.400000
13.960000 6.700000 891.100000
14.620000 6.497000 864.100000
15.310000 6.295000 837.300000
16.030000 6.078000 808.400000
16.790000 5.850000 778.000000
17.580000 5.597000 744.400000
18.410000 5.317000 707.200000
19.280000 4.985000 663.000000
20.180000 4.564000 607.000000
21.130000 4.043000 537.700000
22.130000 3.587000 477.100000
23.170000 3.574000 475.300000
24.270000 3.726000 495.600000
25.410000 3.791000 504.300000
26.610000 3.751000 498.900000
27.860000 3.648000 485.200000
29.170000 3.507000 466.400000
30.550000 3.337000 443.900000
31.990000 3.163000 420.600000
33.500000 2.971000 395.100000
35.080000 2.770000 368.400000
36.730000 2.562000 340.800000
38.460000 2.348000 312.200000
40.270000 2.122000 282.200000
42.170000 1.883000 250.400000
44.160000 1.626000 216.200000
46.240000 1.345000 178.900000
48.420000 1.027000 136.600000
