0.35 150.076824015
0.358836570553 159.430143067
0.367896241046 169.203591186
0.377184644161 179.390796927
0.386707554789 189.972811145
0.396470893621 200.913596903
0.406480730831 212.157582311
0.416743289849 223.665447055
0.42726495123 235.421877748
0.43805225662 247.420063272
0.449111912824 259.665876039
0.460450795978 272.174747328
0.47207595582 284.932257578
0.483994620077 297.908568222
0.496214198956 311.06954267
0.508742289752 324.377401147
0.521586681571 337.796699004
0.534755360174 351.295694691
0.548256512942 364.845733189
0.562098533964 378.42029673
0.576290029258 391.978977145
0.590839822123 605.429218924
0.605756958619 625.859740583
0.621050713198 646.114829535
0.636730594467 666.131968
0.652806351099 685.852657232
0.669287977896 705.217985626
0.686185722002 724.15718975
0.703510089273 742.599648063
0.721271850812 760.474239466
0.739482049662 777.703299402
0.758152007675 794.210922144
0.777293332548 809.922659489
0.796917925043 824.765664105
0.817037986385 838.67266554
0.837666025845 851.576773379
0.858814868523 863.41629763
0.880497663316 874.129965467
0.902727891098 883.653547059
0.925519373097 891.937895143
0.948886279493 898.965941186
0.972843138223 1194.46624805
0.997404844017 1212.55660561
1.02258666766 1199.36383239
1.04840426547 1215.63832325
1.07487368907 1231.50355743
1.10201139533 1246.92808848
1.1298342566 1261.87081058
1.15835957123 1276.40166326
1.18760507431 1290.56724928
1.21758894867 1304.30611443
1.24832983624 1317.61747954
1.27984684959 1330.55175478
1.31215958383 1343.05311604
1.3452881288 1355.11603236
1.37925308155 1366.84186069
1.41407555917 1378.10354768
1.44977721187 1388.81917868
1.48638023649 1399.0719257
1.52390739029 1408.71820665
1.56238200506 1417.65762673
1.60182800169 1425.76140307
1.64226990497 1432.59915384
1.68373285892 1437.50406204
1.72624264235 1441.97947019
1.76982568493 1446.18488323
1.81450908359 1450.16020781
1.8603206194 1453.83407994
1.90728877485 1457.18660292
1.95544275148 1460.41957475
2.00481248816 1463.33747986
2.05542867958 1466.03097275
2.10732279542 1468.51195453
2.16052709987 1470.90998962
2.21507467173 1472.99435467
2.27099942492 1474.98433351
2.32833612962 1476.78895343
2.38712043385 1478.41190474
2.44738888565 1479.9095716
2.50917895582 1481.24923213
2.57252906117 1482.44405676
2.63747858845 1483.52195554
2.70406791882 1484.5074933
2.77233845295 1485.33706529
2.84233263677 1486.02975065
2.91409398785 1486.73471777
2.98766712248 1487.23574135
3.06309778339 1048.22631446
3.14043286817 1048.48103427
3.21972045847 1048.747651
3.30100984988 1048.90247812
3.38435158255 1048.99185991
3.46979747265 1049.07606473
3.55740064457 1049.04736996
3.64721556394 1049.00916881
3.73929807152 1048.87795851
3.83370541789 1048.72240352
3.93049629904 1048.50595666
4.02973089291 1048.24619367
4.13147089675 1047.92207612
4.23577956552 1047.60126298
4.34272175117 1047.1366686
4.45236394301 1046.71364538
4.56477430904 1046.19216067
4.6800227383 1036.69067918
4.79818088434 1030.55780552
4.9193222098 1024.30328323
5.04352203203 1017.87934513
5.17085756995 1011.39067482
5.30140799205 1004.75442197
5.43525446563 998.053803681
5.57248020722 991.188144725
5.71317053438 984.235089128
5.85741291869 977.129197299
6.00529704016 969.998914952
6.15691484298 962.66509168
6.31236059269 955.295251122
6.47173093479 947.778416576
6.6351249548 940.18397953
6.80264423992 932.440891436
6.97439294212 924.619507742
7.15047784297 916.66681535
7.33100841996 908.637961677
7.51609691461 900.47399276
7.70585840224 892.243588187
7.9004108635 883.843731401
8.09987525777 875.376256715
8.3043755983 866.83665496
8.51403902936 858.129802495
8.72899590529 849.357564838
8.9493798715 840.422313411
9.17532794761 831.230483923
9.40698061262 822.336988548
9.64448189226 813.114245618
9.88797944851 803.802029208
10.1376246714 794.267173214
10.3935727733 784.789874952
10.655982885 775.179919063
10.9250181552 765.372795797
11.2008458516 755.496392349
11.4836374648 745.571186239
11.7735688153 735.475519166
12.0708201624 725.207274049
12.3755763167 714.832790278
12.6880267545 704.303421037
13.0083657362 693.621246517
13.3367924265 682.747176826
13.6735110186 671.694425527
14.018730861 660.437001107
14.3726665876 648.948983721
14.7355382514 637.127784356
15.1075714611 625.089737887
15.4889975214 612.660387345
15.8800535768 599.742240686
16.2809827591 586.247940132
16.6920343386 572.152893038
17.1134638789 557.166649611
17.545533396 541.099327084
17.9885115209 523.624886702
18.4426736672 504.424498586
18.9083022016 482.982929956
19.38568662 458.762196596
19.8751237273 431.265880678
20.3769178218 400.358675104
20.8913808846 366.933463161
21.4188327735 333.971833687
21.959601422 307.683748033
22.5140230428 297.654256734
23.0824423372 304.115415908
23.6652127094 317.495244709
24.2626964858 331.319731322
24.875265141 342.233356964
25.5032995279 349.192898657
26.1471901154 352.572944496
26.8073372303 352.796229599
27.4841513068 350.547239687
28.1780531414 346.442364736
28.8894741546 340.780704551
29.6188566592 334.211317962
30.3666541351 326.624974184
31.1333315115 318.59500883
31.9193654556 309.923585561
32.7252446695 300.825916163
33.5514701934 291.377146361
34.3985557178 281.631270801
35.2670279021 271.624956628
36.1574267028 261.326205362
37.0703057087 250.92566089
38.0062324854 240.181564161
38.9657889277 229.352259974
39.949571622 218.2071017
40.9581922168 206.793314726
41.9922778032 195.058218961
43.0524713046 182.934011233
44.1394318765 170.415981352
45.2538353164 157.351129231
46.3963744837 143.617954113
47.5677597309 129.052487829
48.7687193449 113.41279709
50.0 96.1595028834
