0.35 199.60217594
0.358836570553 212.042090279
0.367896241046 225.040776277
0.377184644161 238.589759913
0.386707554789 252.663838823
0.396470893621 267.215083881
0.406480730831 282.169584473
0.416743289849 297.475044584
0.42726495123 313.111097405
0.43805225662 329.068684152
0.449111912824 345.355615132
0.460450795978 361.992413947
0.47207595582 378.959902579
0.483994620077 396.218395735
0.496214198956 413.722491751
0.508742289752 431.421943526
0.521586681571 449.269609675
0.534755360174 467.223273938
0.548256512942 485.244825142
0.562098533964 503.298994651
0.576290029258 521.332039603
0.590839822123 739.235612849
0.605756958619 764.082274029
0.621050713198 788.699542415
0.636730594467 813.007426525
0.652806351099 836.930257494
0.669287977896 860.391303954
0.686185722002 883.298924489
0.703510089273 905.561115174
0.721271850812 927.084759886
0.739482049662 947.768371162
0.758152007675 967.512201367
0.777293332548 986.217956232
0.796917925043 1003.78906594
0.817037986385 1020.1355904
0.837666025845 1035.16808616
0.858814868523 1048.80356741
0.880497663316 1060.95993623
0.902727891098 1071.55218414
0.925519373097 1080.51424137
0.948886279493 1087.81934138
0.972843138223 1478.80178361
0.997404844017 1500.83908729
1.02258666766 1491.17932474
1.04840426547 1510.79526009
1.07487368907 1529.85651209
1.10201139533 1548.3244237
1.1298342566 1566.14876581
1.15835957123 1583.41898494
1.18760507431 1600.19558055
1.21758894867 1616.40442531
1.24832983624 1632.048161
1.27984684959 1647.19414768
1.31215958383 1661.77814969
1.3452881288 1675.80004585
1.37925308155 1689.39417492
1.41407555917 1702.41249985
1.44977721187 1714.7660748
1.48638023649 1726.57433812
1.52390739029 1737.6801989
1.56238200506 1747.9883257
1.60182800169 1757.38358569
1.64226990497 1765.42442721
1.68373285892 1771.45205627
1.72624264235 1776.97784634
1.76982568493 1782.17096551
1.81450908359 1787.08073667
1.8603206194 1791.61888665
1.90728877485 1795.76078612
1.95544275148 1799.75596669
2.00481248816 1803.36262719
2.05542867958 1806.69285929
2.10732279542 1809.76136721
2.16052709987 1812.72837328
2.21507467173 1815.30853107
2.27099942492 1817.77302519
2.32833612962 1820.00934296
2.38712043385 1822.02204459
2.44738888565 1823.88086285
2.50917895582 1825.54532963
2.57252906117 1827.03173665
2.63747858845 1828.3746084
2.70406791882 1829.60433511
2.77233845295 1830.64225846
2.84233263677 1831.51198666
2.91409398785 1832.39803418
2.98766712248 1833.03297678
3.06309778339 1394.14099823
3.14043286817 1394.47977558
3.21972045847 1394.83437583
3.30100984988 1395.0402959
3.38435158255 1395.15917368
3.46979747265 1395.27116609
3.55740064457 1395.23300205
3.64721556394 1395.18219452
3.73929807152 1395.00768482
3.83370541789 1394.80079668
3.93049629904 1394.51292235
4.02973089291 1394.16743757
4.13147089675 1393.73636124
4.23577956552 1393.30967977
4.34272175117 1392.69176924
4.45236394301 1392.12914835
4.56477430904 1391.43557369
4.6800227383 1378.79860331
4.79818088434 1370.64188134
4.9193222098 1362.3233667
5.04352203203 1353.77952902
5.17085756995 1345.14959752
5.30140799205 1336.32338122
5.43525446563 1327.4115589
5.57248020722 1318.28023248
5.71317053438 1309.03266854
5.85741291869 1299.58183241
6.00529704016 1290.09855689
6.15691484298 1280.34457193
6.31236059269 1270.54268399
6.47173093479 1260.54529405
6.6351249548 1250.44469278
6.80264423992 1240.14638561
6.97439294212 1229.7439453
7.15047784297 1219.16686442
7.33100841996 1208.48848903
7.51609691461 1197.63041037
7.70585840224 1186.68397229
7.9004108635 1175.51216276
8.09987525777 1164.25042143
8.3043755983 1152.8927511
8.51403902936 1141.31263732
8.72899590529 1129.64556123
8.9493798715 1117.76167684
9.17532794761 1105.53654362
9.40698061262 1093.70819477
9.64448189226 1081.44194667
9.88797944851 1069.05669885
10.1376246714 1056.37534037
10.3935727733 1043.77053369
10.655982885 1030.98929235
10.9250181552 1017.94581841
11.2008458516 1004.81020182
11.4836374648 991.609677698
11.7735688153 978.182440491
12.0708201624 964.525674486
12.3755763167 950.72761107
12.6880267545 936.723549979
13.0083657362 922.516257868
13.3367924265 908.053745178
13.6735110186 893.353585951
14.018730861 878.381211472
14.3726665876 863.102148349
14.7355382514 847.379953194
15.1075714611 831.36935139
15.4889975214 814.838315169
15.8800535768 797.657180112
16.2809827591 779.709760375
16.6920343386 760.963347741
17.1134638789 741.031643983
17.545533396 719.662105022
17.9885115209 696.421099314
18.4426736672 670.88458312
18.9083022016 642.367296841
19.38568662 610.153721472
19.8751237273 573.583621302
20.3769178218 532.477037888
20.8913808846 488.021506004
21.4188327735 444.182538804
21.959601422 409.219384884
22.5140230428 395.880161456
23.0824423372 404.473503157
23.6652127094 422.268675463
24.2626964858 440.655242658
24.875265141 455.170364762
25.5032995279 464.426555214
26.1471901154 468.92201618
26.8073372303 469.218985366
27.4841513068 466.227828784
28.1780531414 460.768345099
28.8894741546 453.238337053
29.6188566592 444.501052889
30.3666541351 434.411215664
31.1333315115 423.731361745
31.9193654556 412.198368797
32.7252446695 400.098468496
33.5514701934 387.531604661
34.3985557178 374.569590165
35.2670279021 361.261192315
36.1574267028 347.563853131
37.0703057087 333.731128984
38.0062324854 319.441480334
38.9657889277 305.038505765
39.949571622 290.215445261
40.9581922168 275.035108585
41.9922778032 259.427431219
43.0524713046 243.302234939
44.1394318765 226.653255198
45.2538353164 209.277001878
46.3963744837 191.01187897
47.5677597309 171.639808812
48.7687193449 150.839020129
50.0 127.892138835
