0.35 82.5422532083
0.358836570553 87.6865786867
0.367896241046 93.0619751523
0.377184644161 98.66493831
0.386707554789 104.48504613
0.396470893621 110.502478297
0.406480730831 116.686670271
0.416743289849 123.01599588
0.42726495123 129.482032761
0.43805225662 136.0810348
0.449111912824 142.816231822
0.460450795978 149.696111031
0.47207595582 156.712741668
0.483994620077 163.849712522
0.496214198956 171.088248468
0.508742289752 178.407570631
0.521586681571 185.788184452
0.534755360174 193.21263208
0.548256512942 200.665153254
0.562098533964 208.131163202
0.576290029258 215.58843743
0.590839822123 341.734114693
0.605756958619 353.279263885
0.621050713198 364.727403708
0.636730594467 376.043730817
0.652806351099 387.195787924
0.669287977896 398.150958733
0.686185722002 408.869995369
0.703510089273 419.31380108
0.721271850812 429.443063718
0.739482049662 439.214828294
0.758152007675 448.587186641
0.777293332548 457.519096549
0.796917925043 465.97044994
0.817037986385 473.904310429
0.837666025845 481.283951817
0.858814868523 488.075568981
0.880497663316 494.245542084
0.902727891098 499.758489407
0.925519373097 504.58747328
0.948886279493 508.723644977
0.972843138223 671.518335749
0.997404844017 681.736216173
1.02258666766 673.434615512
1.04840426547 682.654599928
1.07487368907 691.650868232
1.10201139533 700.40570506
1.1298342566 708.895913352
1.15835957123 717.160433553
1.18760507431 725.225093677
1.21758894867 733.055085442
1.24832983624 740.649492679
1.27984684959 748.03599928
1.31215958383 755.182574854
1.3452881288 762.085218185
1.37925308155 768.799737372
1.41407555917 775.25347641
1.44977721187 781.398730661
1.48638023649 787.280075451
1.52390739029 792.814049864
1.56238200506 797.940373203
1.60182800169 802.580770983
1.64226990497 806.481184839
1.68373285892 809.244628506
1.72624264235 811.762646924
1.76982568493 814.128665021
1.81450908359 816.365129032
1.8603206194 818.431908317
1.90728877485 820.317816648
1.95544275148 822.136343277
2.00481248816 823.777537164
2.05542867958 825.292382388
2.10732279542 826.687573591
2.16052709987 828.035975169
2.21507467173 829.207836818
2.27099942492 830.326477533
2.32833612962 831.340737945
2.38712043385 832.252693836
2.44738888565 833.094053613
2.50917895582 833.846415623
2.57252906117 834.517185985
2.63747858845 835.1220594
2.70406791882 835.674848903
2.77233845295 836.139784936
2.84233263677 836.52759528
2.91409398785 836.922162637
2.98766712248 837.201890971
3.06309778339 576.524472952
3.14043286817 576.664568849
3.21972045847 576.81120805
3.30100984988 576.896362965
3.38435158255 576.945522951
3.46979747265 576.991835602
3.55740064457 576.976053478
3.64721556394 576.955042845
3.73929807152 576.882877181
3.83370541789 576.797321937
3.93049629904 576.67827616
4.02973089291 576.535406516
4.13147089675 576.357141864
4.23577956552 576.180694641
4.34272175117 575.925167732
4.45236394301 575.692504958
4.56477430904 575.405688369
4.6800227383 570.179873549
4.79818088434 566.806793036
4.9193222098 563.366805778
5.04352203203 559.833639822
5.17085756995 556.264871153
5.30140799205 552.614932083
5.43525446563 548.929592024
5.57248020722 545.153479599
5.71317053438 541.329299021
5.85741291869 537.421058515
6.00529704016 533.499403223
6.15691484298 529.465800424
6.31236059269 525.412388117
6.47173093479 521.278129117
6.6351249548 517.101188742
6.80264423992 512.84249029
6.97439294212 508.540729258
7.15047784297 504.166748443
7.33100841996 499.750878922
7.51609691461 495.260696018
7.70585840224 490.733973503
7.9004108635 486.11405227
8.09987525777 481.456941193
8.3043755983 476.760160228
8.51403902936 471.971391372
8.72899590529 467.146660661
8.9493798715 462.232272376
9.17532794761 457.176766157
9.40698061262 452.285343701
9.64448189226 447.21283509
9.88797944851 442.091116064
10.1376246714 436.846945268
10.3935727733 431.634431224
10.655982885 426.348955485
10.9250181552 420.955037688
11.2008458516 415.523015792
11.4836374648 410.064152432
11.7735688153 404.511535541
12.0708201624 398.864000727
12.3755763167 393.158034653
12.6880267545 387.36688157
13.0083657362 381.491685585
13.3367924265 375.510947254
13.6735110186 369.43193404
14.018730861 363.240350609
14.3726665876 356.921941047
14.7355382514 350.420281396
15.1075714611 343.799355838
15.4889975214 336.96321304
15.8800535768 329.858232377
16.2809827591 322.436367072
16.6920343386 314.684091171
17.1134638789 306.441657286
17.545533396 297.604629896
17.9885115209 287.993687686
18.4426736672 277.433474222
18.9083022016 265.640611476
19.38568662 252.319208128
19.8751237273 237.196234373
20.3769178218 220.197271307
20.8913808846 201.813404739
21.4188327735 183.684508528
21.959601422 169.226061418
22.5140230428 163.709841204
23.0824423372 167.263478749
23.6652127094 174.62238459
24.2626964858 182.225852227
24.875265141 188.22834633
25.5032995279 192.056094261
26.1471901154 193.915119473
26.8073372303 194.037926279
27.4841513068 192.800981828
28.1780531414 190.543300605
28.8894741546 187.429387503
29.6188566592 183.816224879
30.3666541351 179.643735801
31.1333315115 175.227254857
31.9193654556 170.457972059
32.7252446695 165.454253889
33.5514701934 160.257430499
34.3985557178 154.89719894
35.2670279021 149.393726145
36.1574267028 143.729412949
37.0703057087 138.00911349
38.0062324854 132.099860288
38.9657889277 126.143742986
39.949571622 120.013905935
40.9581922168 113.736323099
41.9922778032 107.282020429
43.0524713046 100.613706178
44.1394318765 93.7287897436
45.2538353164 86.5431210772
46.3963744837 78.9898747621
47.5677597309 70.9788683057
48.7687193449 62.3770383993
50.0 52.8877265859
