Number	Label	Degrees_Longitude	Degrees_Latitude
0	ArrayCentre	-107.64372935411765	33.88522456517469
1	m001	-107.64372935411765	33.88522456517469
2	m002	-107.64647510722445	33.88635471396512
3	m003	-107.65018980730203	33.88764561050792
4	m004	-107.65576934283777	33.88857208349047
5	m005	-107.66275362106221	33.888747925439276
6	m006	-107.67190993790308	33.88754504562176
7	m007	-107.68225076603208	33.88484558338794
8	m008	-107.6943427333516	33.87822341294914
9	m009	-107.70405676826398	33.868899314635435
10	m010	-107.71754096009636	33.85618616104253
11	m011	-107.72636013479037	33.83451439237295
12	m012	-107.73312015716901	33.81504758778564
13	m013	-107.73569212003221	33.78401798699882
14	m014	-107.7258449439926	33.749668375047484
15	m015	-107.70498953520432	33.7115626442011
16	m016	-107.65059508052136	33.87763290328672
17	m017	-107.65275262007694	33.87586034926734
18	m018	-107.65523729231295	33.87329238123347
19	m019	-107.65797534239015	33.86898780494474
20	m020	-107.66053583675146	33.86390860533004
21	m021	-107.6613042193505	33.85650894779493
22	m022	-107.660809550099	33.84622358792327
23	m023	-107.65717818705889	33.83515083779145
24	m024	-107.65028371032813	33.824689666638335
25	m025	-107.6376362211162	33.811482039559756
26	m026	-107.6221881937551	33.79779216338615
27	m027	-107.59300151639762	33.786417089759134
28	m028	-107.56100499535611	33.77893290512804
29	m029	-107.52323535573592	33.77793822342605
30	m030	-107.47816544173119	33.779617529615315
31	m031	-107.64399072706364	33.86988447369178
32	m032	-107.64268708936937	33.867650052014845
33	m033	-107.6402896265156	33.86461407642854
34	m034	-107.6365435478741	33.86152075295201
35	m035	-107.63133414335074	33.857909680539834
36	m036	-107.62348561503622	33.85485919891492
37	m037	-107.61273773386745	33.85197895678078
38	m038	-107.59930441837417	33.85194968582236
39	m039	-107.58290668286949	33.85450436649597
40	m040	-107.56355552892059	33.858197813416695
41	m041	-107.54021819113505	33.86904147908459
42	m042	-107.52039480185977	33.8846539505281
43	m043	-107.50031173464413	33.90524642186656
44	m044	-107.48175959122848	33.939377895619835
45	m045	-107.63304383688663	33.87268655255659
46	m046	-107.63002431863202	33.87309043065022
47	m047	-107.62559526296272	33.874135699141036
48	m048	-107.62118345947326	33.875952222664054
49	m049	-107.61526328485814	33.87923685625113
50	m050	-107.60935721467591	33.88423262811606
51	m051	-107.60252020695944	33.89216385896817
52	m052	-107.59758575721801	33.90338563371294
53	m053	-107.59676576700689	33.91608460623603
54	m054	-107.59682882105092	33.93294038073386
55	m055	-107.60026446292811	33.95150641900251
56	m056	-107.61182995607564	33.97322489395038
57	m057	-107.63112618436647	33.99399882511615
58	m058	-107.6641110178216	34.018220217229604
59	m059	-107.70404492066463	34.04082878379967
60	m060	-107.63288107305435	33.8821672964696
61	m061	-107.63238666380137	33.8845987191372
62	m062	-107.63205356857897	33.88800960595837
63	m063	-107.63289388082491	33.89280738993205
64	m064	-107.63440782604786	33.8984973482349
65	m065	-107.63917554382459	33.905186501253105
66	m066	-107.6464774816099	33.912269147578094
67	m067	-107.65671476520345	33.919410624330894
68	m068	-107.67216081039545	33.92574453625863
69	m069	-107.69124219422623	33.93008123332935
70	m070	-107.71482810018692	33.930840510410256
71	m071	-107.74235853963435	33.92860928710454
72	m072	-107.77683213203183	33.9232354101053
73	m073	-107.81173722434184	33.90660038351692
74	m074	-107.85091035679	33.87894227909263
75	m075	-108.19013596602035	30.70897226321872
76	m076	-107.63659623016471	29.932076501547698
77	m077	-107.95297784646608	30.343041327821474
78	m078	-108.11769273985881	34.09701774128982
79	m079	-107.66705026551874	33.51023185704644
80	m080	-108.29095406691236	33.725603635836464
81	m081	-108.92571405463647	33.271550488480024
82	m082	-108.7843237186943	34.05275232370676
83	m083	-111.61138182124911	31.762462645394024
84	m084	-107.49197954867796	33.123191752982805
85	m085	-105.62685181019003	34.093593963620044
86	m086	-108.56462752069	31.88905759824123
87	m087	-107.39549107016894	33.02477025080366
88	m088	-105.15490617375238	32.69495002990718
89	m089	-106.07421442909957	33.19902066913789
90	m090	-105.97014557967759	32.88221456339053
91	m091	-105.26721771209363	33.917972583677184
92	m092	-107.65242567180589	33.26774212570222
93	m093	-107.31442194276313	33.8942487506795
94	m094	-106.9186631063054	33.870009556035804
95	m095	-108.65423561716327	32.25549049638676
96	m096	-106.89116140191993	34.21503999670285
97	m097	-106.41591369773575	34.205155129731146
98	m098	-105.87624338339876	34.351882164891116
99	m099	-106.4756504813379	33.6793202686875
100	m100	-105.98810979505032	33.528883257618965
101	m101	-103.99895985798963	32.702133806943706
102	m102	-107.13091737030045	33.89100488995698
103	m103	-107.0525399394197	33.82635956327328
104	m104	-106.95557562655947	33.794402398244614
105	m105	-107.9533167342436	34.05298590639793
106	m106	-107.98372067183799	33.82865086886597
107	m107	-108.40028186992504	34.10399782246845
108	m108	-108.77360413089532	32.85187461563992
109	m109	-107.67273956778558	33.59836224880739
110	m110	-107.63981216692653	33.337966165807565
111	m111	-108.61098543547072	33.6088109789179
112	m112	-108.45422880298659	31.330818218070725
113	m113	-104.7928253373419	33.854469469636896
114	m114	-102.74853001053206	32.94807099780028
115	m115	-102.40276783315818	33.21517335544702
116	m116	-101.14009900767392	30.49239235168541
117	m117	-102.09485014949436	34.690047894348496
118	m118	-102.72332543241716	31.554197113018994
119	m119	-103.94588663733458	30.44528661513126
120	m120	-106.24614125453115	35.55842342766768
121	m121	-107.64010722978664	33.879112204023514
122	m122	-107.64028871911763	33.87701904764535
123	m123	-107.6415568378183	33.87896211302821
124	m124	-107.64221344009708	33.877645887660165
125	m125	-107.63804345679577	33.87731014485838
126	m126	-107.64036954375162	33.87484061638734
127	m127	-107.64045222404454	33.87563544326334
128	m128	-107.64068023194443	33.876742580331054
129	m129	-107.64056786507231	33.87738267315545
130	m130	-107.64023990764869	33.8781058495442
131	m131	-107.63982977675194	33.879383301210204
132	m132	-107.6405109553195	33.88018915334113
133	m133	-107.64073938574928	33.88111102227995
134	m134	-107.64091644287126	33.87500470118339
135	m135	-107.63940267512328	33.87463617355661
136	m136	-107.64127774927184	33.87623179279599
137	m137	-107.63931302949305	33.875605103828526
138	m138	-107.63978435010465	33.87681216504958
139	m139	-107.64125506671182	33.87795822735906
140	m140	-107.63977767383174	33.87799612023893
141	m141	-107.64104486825859	33.879044143118435
142	m142	-107.6393188174774	33.87880646058069
143	m143	-107.63956800086594	33.880102036456975
144	m144	-107.64154936399652	33.88113382160628
145	m145	-107.63972081628722	33.880440030121555
146	m146	-107.64124026467077	33.881784357015704
147	m147	-107.63974991181982	33.881143008427195
148	m148	-107.64236636081957	33.87538817285582
149	m149	-107.6389770501638	33.87533071853822
150	m150	-107.64169243272397	33.876369782060436
151	m151	-107.6386587269016	33.87626270592084
152	m152	-107.64213156886787	33.87730299266056
153	m153	-107.63870498296968	33.8771849436122
154	m154	-107.64235618771536	33.87839039329795
155	m155	-107.63823371123132	33.878151565621216
156	m156	-107.642144102209	33.879521144083064
157	m157	-107.63903050694825	33.879253411638814
158	m158	-107.64243189163433	33.88015033973388
159	m159	-107.63857955244082	33.880396682543186
160	m160	-107.64226658410952	33.88091502623425
161	m161	-107.63795004311737	33.881168296536536
162	m162	-107.64368724087844	33.875494349834916
163	m163	-107.63753951543858	33.87572645081245
164	m164	-107.64291020392156	33.876734421902526
165	m165	-107.63747339395827	33.87698599184129
166	m166	-107.64357542030726	33.877810562147964
167	m167	-107.63706658804978	33.87788455161653
168	m168	-107.64347868966462	33.878733032976164
169	m169	-107.63737622156103	33.87861135710394
170	m170	-107.64360798966992	33.87907967761282
171	m171	-107.63775799855652	33.87963724866165
172	m172	-107.64343972443949	33.88052310041754
173	m173	-107.63755666060129	33.8810607058006
174	m174	-107.64486107746671	33.876856495446425
175	m175	-107.63539828264287	33.876446572701234
176	m176	-107.64481368883592	33.87761171712159
177	m177	-107.63581983079222	33.87718525739956
178	m178	-107.64504194367028	33.87809156665652
179	m179	-107.63630337107647	33.8784912611864
180	m180	-107.64493868355704	33.87962456696094
181	m181	-107.63566142258696	33.879138335530094
182	m182	-107.6450543788227	33.88051469275201
183	m183	-107.63620251204341	33.879872152620706
184	m184	-107.64020850916881	33.87939326692107
185	m185	-107.63995112521533	33.87705988321281
186	m186	-107.6418880103929	33.87897626621583
187	m187	-107.63849193656061	33.87975059415054
188	m188	-107.63681797348816	33.87683975658018
189	m189	-107.64011507794685	33.875118808738925
190	m190	-107.64045882110558	33.88165084963535
191	m191	-107.64431534280136	33.87728084357369
192	m192	-107.64224603089943	33.87512462989462
193	m193	-107.64452118569874	33.878980172409456
194	m194	-107.6417843502594	33.88184866527322
195	m195	-107.63576592810209	33.87873449373691
196	m196	-107.63845355566345	33.88176377578654
197	m197	-107.64357728706362	33.88135071308172
198	m198	-107.63517553251205	33.87728229348931
199	m199	-107.63611299855346	33.8809468608178
200	m200	-107.63905347597803	33.882731683255784
201	m201	-107.64396607640701	33.87472424783592
202	m202	-107.64606331147853	33.87756108891685
203	m203	-107.6370372884693	33.88220591621832
204	m204	-107.64585217667221	33.88002644361479
205	m206	-107.63667544966307	33.87414575079808
206	m208	-107.64098889483536	33.872921080333924
207	m209	-107.64600017840588	33.881396907011876
208	m210	-107.643306296254	33.87317197902806
209	m211	-107.64655635481384	33.87520871209679
210	m213	-107.63364846358562	33.88067397324866
211	m212	-107.63440019595372	33.879429591460124
212	m207	-107.63402683638174	33.87490798146227
213	m205	-107.63807612841244	33.87325694652651
214	m214	-107.63657580798272	33.87260258103582
215	pn1	-119.62860475179622	48.99845578523777
216	pn2	-119.63483895455366	48.99509348041967
217	pn3	-119.64294794177603	48.99977140232732
218	pr1	-66.74668566359458	18.22410794458493
219	pr2	-66.74503675637222	18.22718622057313
220	pr3	-66.75558522081252	18.22718622057313
221	sc1	-64.58363071176284	17.639850958902556
222	sc2	-64.58382270481849	17.640732648172758
223	sc3	-64.58428010626092	17.63986164864741
224	nl1	-91.57459801382535	41.506177489420004
225	nl2	-91.57396554911571	41.50621934221983
226	nl3	-91.57473354031431	41.50659597065281
227	nl4	-91.57421402057074	41.50599335661516
228	ma1	-71.48907564767211	42.35054563731229
229	ma2	-71.48936929006014	42.34864640971347
230	ma3	-71.49307366848213	42.3491583848793
231	hn1	-71.98703145567148	42.660836492009096
232	hn2	-71.98651475781045	42.66103059165656
233	br1	-119.68415356494634	47.823858906525665
234	br2	-119.6833516964501	47.823492154659
235	ku1	-159.66645275177086	21.977126411680658
236	ku2	-159.66597669905957	21.978196541446778
237	ku3	-159.66443780701087	21.982935629521577
238	hi1	-155.80779050437707	19.846267330529656
239	hi2	-155.792113786939	19.84891412514358
240	hi3	-155.7865339387021	19.850154790690794
241	ov1	-118.27715199560393	36.99460857111938
242	ov2	-118.27721085203345	36.9959594500307
243	ov3	-118.27537126893938	36.99126622665025
244	ov4	-118.27877082804525	36.990532515950754
