CS001LBA 3 826 923.942 460 915.117 5 064 643.229
CS001HBA 3 826 938.206 460 938.202 5 064 630.436
CS001HBA0 3 826 896.631 460 979.131 5 064 657.943
CS001HBA1 3 826 979.780 460 897.273 5 064 602.929
CS002LBA 3 826 577.462 461 022.624 5 064 892.526
CS002HBA0 3 826 601.357 460 953.078 5 064 880.876
CS002HBA1 3 826 565.990 460 957.786 5 064 906.998
CS003LBA 3 826 517.144 460 929.742 5 064 946.197
CS003HBA0 3 826 471.744 460 999.814 5 064 973.941
CS003HBA1 3 826 518.208 461 034.934 5 064 935.890
CS004LBA 3 826 654.593 460 939.252 5 064 842.166
CS004HBA0 3 826 586.022 460 865.520 5 064 900.301
CS004HBA1 3 826 579.882 460 917.156 5 064 900.242
CS005LBA 3 826 669.146 461 069.226 5 064 819.494
CS005HBA0 3 826 701.556 460 988.926 5 064 802.425
CS005HBA1 3 826 631.590 461 021.491 5 064 851.999
CS006LBA 3 826 597.126 461 144.854 5 064 866.718
CS006HBA0 3 826 654.179 461 136.116 5 064 824.683
CS006HBA1 3 826 612.895 461 079.974 5 064 860.746
CS007LBA 3 826 533.757 461 098.642 5 064 918.461
CS007HBA0 3 826 479.111 461 083.396 5 064 960.857
CS007HBA1 3 826 538.417 461 169.407 5 064 908.567
CS011LBA 3 826 667.465 461 285.525 5 064 801.332
CS011HBA 3 826 643.587 461 290.469 5 064 818.809
CS011HBA0 3 826 637.817 461 227.021 5 064 828.874
CS011HBA1 3 826 649.357 461 353.917 5 064 808.743
CS013LBA 3 826 346.661 460 791.787 5 065 086.876
CS013HBA 3 826 360.925 460 814.872 5 065 074.083
CS013HBA0 3 826 319.350 460 855.801 5 065 101.590
CS013HBA1 3 826 402.499 460 773.943 5 065 046.576
CS017LBA 3 826 462.450 461 501.626 5 064 935.567
CS017HBA 3 826 452.835 461 529.655 5 064 940.251
CS017HBA0 3 826 405.491 461 507.136 5 064 977.823
CS017HBA1 3 826 500.179 461 552.174 5 064 902.678
CS021LBA 3 826 406.939 460 538.280 5 065 064.610
CS021HBA 3 826 416.554 460 510.252 5 065 059.927
CS021HBA0 3 826 463.898 460 532.770 5 065 022.354
CS021HBA1 3 826 369.209 460 487.733 5 065 097.499
CS024LBA 3 827 161.630 461 409.084 5 064 420.786
CS024HBA 3 827 171.245 461 381.055 5 064 416.102
CS024HBA0 3 827 218.589 461 403.574 5 064 378.530
CS024HBA1 3 827 123.900 461 358.537 5 064 453.675
CS026LBA 3 826 391.312 461 869.528 5 064 955.653
CS026HBA 3 826 377.049 461 846.443 5 064 968.446
CS026HBA0 3 826 418.623 461 805.513 5 064 940.939
CS026HBA1 3 826 335.474 461 887.372 5 064 995.953
CS028LBA 3 825 600.841 461 260.269 5 065 604.065
CS028HBA 3 825 615.105 461 283.354 5 065 591.272
CS028HBA0 3 825 573.530 461 324.283 5 065 618.779
CS028HBA1 3 825 656.679 461 242.425 5 065 563.765
CS030LBA 3 826 014.662 460 387.065 5 065 372.068
CS030HBA 3 826 000.399 460 363.979 5 065 384.861
CS030HBA0 3 826 041.973 460 323.050 5 065 357.354
CS030HBA1 3 825 958.824 460 404.909 5 065 412.368
CS031LBA 3 826 440.392 460 273.509 5 065 063.334
CS031HBA 3 826 430.777 460 301.538 5 065 068.018
CS031HBA0 3 826 383.433 460 279.019 5 065 105.590
CS031HBA1 3 826 478.121 460 324.057 5 065 030.445
CS032LBA 3 826 891.969 460 387.586 5 064 715.032
CS032HBA 3 826 906.233 460 410.671 5 064 702.239
CS032HBA0 3 826 864.658 460 451.600 5 064 729.746
CS032HBA1 3 826 947.807 460 369.742 5 064 674.732
CS101LBA 3 825 843.362 461 704.125 5 065 381.213
CS101HBA 3 825 852.977 461 676.097 5 065 376.530
CS101HBA0 3 825 900.321 461 698.615 5 065 338.957
CS101HBA1 3 825 805.632 461 653.578 5 065 414.102
CS103LBA 3 826 304.675 462 822.765 5 064 934.074
CS103HBA 3 826 290.412 462 799.679 5 064 946.867
CS103HBA0 3 826 331.986 462 758.750 5 064 919.360
CS103HBA1 3 826 248.837 462 840.609 5 064 974.374
CS201LBA 3 826 709.325 461 913.423 5 064 713.578
CS201HBA 3 826 685.447 461 918.367 5 064 731.055
CS201HBA0 3 826 679.677 461 854.919 5 064 741.120
CS201HBA1 3 826 691.217 461 981.815 5 064 720.989
CS301LBA 3 827 413.261 460 992.019 5 064 269.684
CS301HBA 3 827 437.139 460 987.076 5 064 252.208
CS301HBA0 3 827 442.908 461 050.523 5 064 242.143
CS301HBA1 3 827 431.369 460 923.628 5 064 262.273
CS302LBA 3 827 946.312 459 792.315 5 063 989.756
CS302HBA 3 827 932.048 459 769.230 5 064 002.547
CS302HBA0 3 827 973.622 459 728.300 5 063 975.040
CS302HBA1 3 827 890.473 459 810.159 5 064 030.053
CS401LBA 3 826 766.502 460 100.064 5 064 836.210
CS401HBA 3 826 790.378 460 095.120 5 064 818.736
CS401HBA0 3 826 796.148 460 158.570 5 064 808.669
CS401HBA1 3 826 784.607 460 031.669 5 064 828.802
CS501LBA 3 825 626.175 460 641.786 5 065 640.512
CS501HBA 3 825 616.560 460 669.815 5 065 645.196
CS501HBA0 3 825 569.216 460 647.296 5 065 682.768
CS501HBA1 3 825 663.904 460 692.334 5 065 607.623
RS106LBA 3 829 261.821 469 161.961 5 062 137.050
RS106HBA 3 829 205.994 469 142.209 5 062 180.742
RS205LBA 3 831 438.959 463 435.116 5 061 025.206
RS205HBA 3 831 480.066 463 487.205 5 060 989.643
RS208LBA 3 847 810.446 466 929.381 5 048 356.961
RS208HBA 3 847 753.705 466 962.484 5 048 396.983
RS210LBA 3 877 847.841 467 456.599 5 025 437.344
RS210HBA 3 877 827.956 467 536.277 5 025 445.321
RS305LBA 3 828 721.154 454 781.087 5 063 850.822
RS305HBA 3 828 733.107 454 692.080 5 063 850.055
RS306LBA 3 829 792.203 452 829.524 5 063 221.330
RS306HBA 3 829 771.644 452 761.378 5 063 242.921
RS307LBA 3 837 941.343 449 560.431 5 057 381.027
RS307HBA 3 837 964.914 449 626.936 5 057 357.324
RS310LBA 3 845 433.443 413 580.563 5 054 755.909
RS310HBA 3 845 376.681 413 616.239 5 054 796.080
RS406LBA 3 818 468.029 451 974.278 5 071 790.337
RS406HBA 3 818 425.334 452 019.946 5 071 817.384
RS407LBA 3 811 596.257 453 444.359 5 076 770.170
RS407HBA 3 811 649.851 453 459.572 5 076 728.693
RS409LBA 3 824 756.246 426 178.523 5 069 289.608
RS409HBA 3 824 813.014 426 130.006 5 069 251.494
RS503LBA 3 824 090.848 459 437.959 5 066 897.930
RS503HBA 3 824 138.962 459 476.649 5 066 858.318
RS508LBA 3 797 202.513 463 087.188 5 086 604.779
RS508HBA 3 797 136.881 463 114.126 5 086 651.028
RS509LBA 3 783 579.528 450 178.562 5 097 830.578
RS509HBA 3 783 537.922 450 129.744 5 097 865.889
