1 m001 0 0
2 m002 -253.741 125.807
3 m003 -597.025 269.508
4 m004 -1112.64 372.642
5 m005 -1758.07 392.217
6 m006 -2604.23 258.314
7 m007 -3559.85 -42.1879
8 m008 -4677.29 -779.361
9 m009 -5574.99 -1817.31
10 m010 -6821.09 -3232.53
11 m011 -7636.09 -5645.01
12 m012 -8260.8 -7812.03
13 m013 -8498.48 -11266.2
14 m014 -7588.48 -15090
15 m015 -5661.19 -19331.9
16 m016 -634.477 -845.096
17 m017 -833.86 -1042.42
18 m018 -1063.47 -1328.28
19 m019 -1316.5 -1807.46
20 m020 -1553.12 -2372.87
21 m021 -1624.13 -3196.59
22 m022 -1578.42 -4341.55
23 m023 -1242.84 -5574.16
24 m024 -605.702 -6738.68
25 m025 563.08 -8208.94
26 m026 1990.67 -9732.89
27 m027 4687.87 -10999.1
28 m028 7644.74 -11832.3
29 m029 11135.1 -11943
30 m030 15300.1 -11756.1
31 m031 -24.154 -1707.64
32 m032 96.318 -1956.38
33 m033 317.873 -2294.34
34 m034 664.056 -2638.68
35 m035 1145.47 -3040.67
36 m036 1870.77 -3380.24
37 m037 2864 -3700.87
38 m038 4105.41 -3704.13
39 m039 5620.76 -3419.74
40 m040 7409.04 -3008.59
41 m041 9565.69 -1801.48
42 m042 11397.6 -63.5203
43 m043 13253.5 2228.81
44 m044 14968 6028.29
45 m045 987.472 -1395.72
46 m046 1266.51 -1350.76
47 m047 1675.81 -1234.4
48 m048 2083.52 -1032.19
49 m049 2630.61 -666.546
50 m050 3176.4 -110.421
51 m051 3808.23 772.475
52 m052 4264.23 2021.67
53 m053 4340.01 3435.31
54 m054 4334.18 5311.68
55 m055 4016.69 7378.43
56 m056 2947.89 9796.11
57 m057 1164.69 12108.6
58 m058 -1883.51 14804.9
59 m059 -5573.89 17321.7
60 m060 1002.51 -340.332
61 m061 1048.2 -69.6686
62 m062 1078.98 310.028
63 m063 1001.33 844.112
64 m064 861.423 1477.51
65 m065 420.828 2222.14
66 m066 -253.96 3010.58
67 m067 -1200.01 3805.56
68 m068 -2627.41 4510.64
69 m069 -4390.76 4993.4
70 m070 -6570.39 5077.92
71 m071 -9114.54 4829.54
72 m072 -12300.3 4231.33
73 m073 -15526 2379.53
74 m074 -19146 -699.338
75 m075 -50494.6 -353577
76 m076 659.188 -440060
77 m077 -28578.3 -394312
78 m078 -43800 23576.6
79 m079 -2155.14 -41743.8
80 m080 -59811.4 -17768.8
81 m081 -118471 -68313.6
82 m082 -105405 18649
83 m083 -366659 -236304
84 m084 14023.5 -84828.7
85 m085 186384 23195.5
86 m086 -85102.2 -222211
87 m087 22940.2 -95784.9
88 m088 229998 -132500
89 m089 145042 -76387.5
90 m090 154660 -111654
91 m091 219619 3645.48
92 m092 -803.646 -68737.5
93 m093 30432 1004.56
94 m094 67005 -1693.72
95 m095 -93383.1 -181420
96 m096 69546.4 36714.7
97 m097 113465 35614.4
98 m098 163337 51947.9
99 m099 107945 -22921.1
100 m100 152999 -39667.6
101 m101 336821 -131700
102 m102 47390.1 643.46
103 m103 54633.1 -6552.79
104 m104 63593.8 -10110.2
105 m105 -28609.6 18675
106 m106 -31419.3 -6297.73
107 m107 -69914.7 24353.6
108 m108 -104414 -115031
109 m109 -2680.9 -31933.2
110 m110 361.996 -60920.3
111 m111 -89386.2 -30770.1
112 m112 -74900 -284354
113 m113 263458 -3423.63
114 m114 452376 -104323
115 m115 484329 -74589.4
116 m116 601015 -377687
117 m117 512784 89592.1
118 m118 454705 -259488
119 m119 341726 -382930
120 m120 129154 186259
121 m121 334.728 -680.422
122 m122 317.957 -913.43
123 m123 200.767 -697.13
124 m124 140.089 -843.651
125 m125 525.446 -881.025
126 m126 310.487 -1155.93
127 m127 302.847 -1067.45
128 m128 281.776 -944.206
129 m129 292.16 -872.952
130 m130 322.467 -792.448
131 m131 360.368 -650.244
132 m132 297.419 -560.537
133 m133 276.309 -457.915
134 m134 259.947 -1137.67
135 m135 399.838 -1178.69
136 m136 226.558 -1001.07
137 m137 408.122 -1070.83
138 m138 364.566 -936.46
139 m139 228.654 -808.881
140 m140 365.183 -804.663
141 m141 248.079 -687.998
142 m142 407.587 -714.457
143 m143 384.56 -570.235
144 m144 201.458 -455.377
145 m145 370.438 -532.61
146 m146 230.022 -382.961
147 m147 367.749 -454.355
148 m148 125.957 -1094.98
149 m149 439.171 -1101.37
150 m150 188.236 -985.706
151 m151 468.588 -997.625
152 m152 147.655 -881.822
153 m153 464.313 -894.963
154 m154 126.897 -760.773
155 m155 507.864 -787.359
156 m156 146.497 -634.899
157 m157 434.231 -664.703
158 m158 119.901 -564.858
159 m159 475.904 -537.435
160 m160 135.178 -479.734
161 m161 534.079 -451.54
162 m162 3.89178 -1083.16
163 m163 572.016 -1057.32
164 m164 75.6995 -945.114
165 m165 578.127 -917.11
166 m166 14.2254 -825.319
167 m167 615.721 -817.083
168 m168 23.1644 -722.631
169 m169 587.107 -736.176
170 m170 11.2156 -684.043
171 m171 551.826 -621.974
172 m172 26.7653 -523.362
173 m173 570.432 -463.517
174 m174 -104.585 -931.525
175 m175 769.892 -977.157
176 m176 -100.206 -847.455
177 m177 730.936 -894.928
178 m178 -121.299 -794.038
179 m179 686.251 -749.545
180 m180 -111.757 -623.386
181 m181 745.575 -677.513
182 m182 -122.448 -524.298
183 m183 695.572 -595.825
184 m184 325.369 -649.134
185 m185 349.154 -908.884
186 m186 170.163 -695.554
187 m187 484.001 -609.357
188 m188 638.696 -933.389
189 m189 334.003 -1124.96
190 m190 302.237 -397.822
191 m191 -54.1525 -884.287
192 m192 137.077 -1124.31
193 m193 -73.1749 -695.12
194 m194 179.742 -375.802
195 m195 735.918 -722.468
196 m196 487.548 -385.252
197 m197 14.0528 -431.233
198 m198 790.477 -884.126
199 m199 703.844 -476.19
200 m200 432.108 -277.505
201 m201 -21.876 -1168.88
202 m202 -215.686 -853.091
203 m203 618.428 -336.033
204 m204 -196.175 -578.65
205 m206 651.867 -1233.28
206 m208 253.252 -1369.61
207 m209 -209.852 -426.091
208 m210 39.0957 -1341.68
209 m211 -261.249 -1114.95
210 m213 931.597 -506.567
211 m212 862.128 -645.091
212 m207 896.631 -1148.43
213 m205 522.427 -1332.22
214 m214 661.075 -1405.07
215 pn1 -1.10755e+06 1.68239e+06
216 pn2 -1.10812e+06 1.68202e+06
217 pn3 -1.10887e+06 1.68254e+06
218 pr1 3.77938e+06 -1.74338e+06
219 pr2 3.77954e+06 -1.74304e+06
220 pr3 3.77856e+06 -1.74304e+06
221 sc1 3.97928e+06 -1.80842e+06
222 sc2 3.97926e+06 -1.80832e+06
223 sc3 3.97922e+06 -1.80842e+06
224 nl1 1.48498e+06 848357
225 nl2 1.48504e+06 848362
226 nl3 1.48497e+06 848403
227 nl4 1.48502e+06 848336
228 ma1 3.34113e+06 942351
229 ma2 3.3411e+06 942140
230 ma3 3.34076e+06 942197
231 hn1 3.29511e+06 976892
232 hn2 3.29516e+06 976914
233 br1 -1.11268e+06 1.55163e+06
234 br2 -1.11261e+06 1.55159e+06
235 ku1 -4.80753e+06 -1.3256e+06
236 ku2 -4.80749e+06 -1.32548e+06
237 ku3 -4.80735e+06 -1.32495e+06
238 hi1 -4.45095e+06 -1.5628e+06
239 hi2 -4.4495e+06 -1.56251e+06
240 hi3 -4.44898e+06 -1.56237e+06
241 ov1 -982658 346134
242 ov2 -982663 346284
243 ov3 -982493 345761
244 ov4 -982807 345680
